[[58, 410, 146, 458], [136, 412, 222, 468], [217, 394, 319, 472], [318, 433, 472, 495], [554, 450, 742, 534], [1160, 470, 1344, 592]]
[[48, 404, 138, 458], [700, 455, 910, 545], [898, 466, 1146, 562], [1164, 476, 1344, 584]]
[[1, 370, 77, 452], [307, 420, 451, 490], [459, 420, 643, 510], [1160, 468, 1344, 584]]
[[172, 416, 294, 470], [305, 418, 451, 490], [1160, 467, 1344, 585]]
[[307, 418, 451, 490], [900, 462, 1138, 568], [1156, 467, 1344, 585]]
[[0, 404, 48, 452], [52, 408, 118, 456], [113, 410, 187, 462], [308, 420, 450, 486], [1158, 468, 1344, 586]]
[[304, 420, 452, 490], [652, 450, 818, 536], [889, 458, 1129, 566], [1164, 475, 1346, 585]]
[[306, 420, 450, 490], [652, 450, 818, 536], [888, 458, 1128, 566], [1146, 476, 1344, 582]]
[[306, 418, 450, 490], [457, 430, 641, 512], [888, 458, 1132, 564], [1164, 467, 1344, 585]]
[[306, 418, 450, 490], [457, 429, 641, 513], [889, 458, 1129, 564], [1163, 469, 1345, 585]]
[[306, 418, 450, 490], [456, 430, 642, 512], [888, 458, 1132, 564], [1163, 470, 1345, 584]]
[[888, 458, 1124, 564], [1158, 472, 1346, 584]]
[[111, 412, 193, 464], [392, 432, 544, 502], [558, 450, 752, 526], [1149, 468, 1345, 582]]
[[50, 408, 120, 454], [112, 412, 192, 464], [182, 418, 304, 476], [308, 425, 450, 487], [650, 445, 860, 543], [908, 458, 1140, 568], [1162, 468, 1344, 584]]
[[46, 404, 138, 458], [698, 448, 900, 546], [899, 460, 1137, 564], [1164, 474, 1344, 584]]
[[44, 402, 138, 458], [125, 408, 231, 464], [919, 471, 1119, 567], [1166, 470, 1344, 586]]
[[699, 456, 873, 542], [920, 474, 1116, 564], [1165, 471, 1345, 585]]
[[50, 410, 126, 456], [128, 410, 220, 462], [704, 454, 868, 544], [918, 474, 1122, 566], [1163, 478, 1345, 582]]
[[48, 408, 124, 456], [706, 455, 868, 543], [914, 472, 1160, 566], [1164, 474, 1344, 586]]
[[0, 394, 46, 450], [49, 410, 121, 456], [118, 392, 200, 460], [706, 458, 868, 542], [918, 471, 1126, 567], [1164, 469, 1344, 585]]
[[40, 404, 126, 454], [118, 392, 200, 460], [208, 388, 368, 484], [503, 444, 689, 518], [698, 455, 886, 543], [910, 472, 1134, 566], [1162, 468, 1342, 582]]
[[115, 388, 201, 460], [190, 414, 292, 474], [506, 442, 686, 522], [702, 456, 878, 544], [1162, 466, 1344, 586]]
[[50, 408, 130, 454], [128, 409, 208, 461], [188, 414, 290, 476], [272, 426, 406, 492], [498, 446, 688, 520], [698, 454, 878, 542], [1160, 466, 1346, 584]]
[[50, 410, 134, 454], [188, 416, 292, 474], [272, 425, 394, 491], [503, 443, 685, 521], [698, 458, 874, 542], [1164, 465, 1344, 585]]
[[273, 425, 395, 493], [702, 457, 870, 541], [900, 462, 1142, 576]]
[[54, 388, 150, 458], [702, 456, 866, 542], [905, 461, 1139, 577]]
[[54, 389, 146, 459], [144, 400, 258, 470], [248, 419, 384, 485], [706, 456, 868, 542], [902, 464, 1146, 574], [1181, 489, 1341, 583]]
[[46, 404, 144, 458], [144, 416, 236, 470], [340, 426, 490, 498], [486, 432, 668, 516], [670, 458, 876, 544], [901, 464, 1125, 564], [1164, 468, 1344, 584]]
[[54, 387, 150, 459], [254, 418, 388, 484], [392, 384, 602, 508], [706, 455, 868, 543], [902, 464, 1176, 574], [1184, 494, 1340, 582]]
[[50, 390, 148, 458], [146, 386, 232, 462], [253, 418, 389, 484], [398, 382, 594, 510], [604, 442, 806, 536], [906, 460, 1136, 578]]
[[50, 390, 150, 458], [144, 389, 242, 459], [254, 420, 386, 484], [701, 455, 879, 541], [904, 462, 1136, 576]]
[[4, 405, 60, 451], [52, 387, 148, 457], [146, 390, 234, 458], [256, 417, 376, 485], [378, 430, 534, 498], [526, 440, 680, 518], [906, 464, 1136, 576], [1230, 488, 1344, 580]]
[[53, 390, 147, 458], [138, 402, 268, 464], [252, 420, 378, 484], [361, 417, 537, 505], [526, 442, 690, 516], [678, 456, 890, 542], [906, 458, 1140, 570]]
[[49, 388, 147, 458], [162, 410, 258, 470], [252, 419, 388, 485], [666, 455, 880, 541], [904, 464, 1140, 576]]
[[50, 412, 124, 456], [120, 413, 202, 465], [342, 427, 490, 497], [487, 431, 667, 517], [672, 460, 876, 544], [1164, 468, 1344, 584]]
[[54, 388, 150, 460], [162, 412, 258, 470], [253, 418, 387, 484], [478, 434, 660, 516], [672, 438, 888, 542], [1170, 466, 1346, 582]]
[[52, 388, 148, 460], [162, 412, 258, 470], [253, 420, 387, 484], [480, 434, 658, 516], [674, 438, 888, 542], [1168, 468, 1344, 582]]
[[54, 388, 148, 460], [162, 414, 258, 470], [253, 418, 387, 484], [480, 434, 658, 516], [674, 438, 888, 542], [1175, 466, 1345, 584]]
[[52, 389, 150, 459], [252, 420, 390, 478], [481, 433, 659, 515], [897, 460, 1127, 562], [1178, 472, 1340, 582]]
[[0, 407, 60, 451], [54, 389, 148, 457], [142, 414, 228, 468], [252, 420, 388, 484], [652, 437, 876, 545], [896, 458, 1128, 568]]
[[55, 390, 149, 458], [256, 419, 376, 483], [373, 422, 541, 500], [712, 458, 920, 552], [933, 475, 1157, 571], [1180, 474, 1344, 578]]
[[2, 406, 56, 450], [52, 388, 152, 460], [135, 411, 221, 465], [240, 418, 376, 480], [370, 418, 542, 502], [936, 476, 1156, 570], [1178, 472, 1346, 578]]
[[2, 404, 64, 450], [134, 411, 224, 465], [240, 418, 370, 480], [359, 414, 517, 498], [723, 456, 899, 542], [1176, 472, 1344, 580]]
[[242, 417, 374, 481], [720, 460, 900, 548], [1160, 468, 1346, 582]]
[[128, 398, 252, 466], [240, 418, 374, 480], [486, 426, 680, 516], [722, 458, 900, 548]]
[[128, 398, 252, 466], [240, 416, 374, 480], [722, 458, 900, 548], [1181, 478, 1343, 582]]
[[128, 399, 250, 465], [240, 416, 374, 480], [723, 458, 901, 548], [1178, 476, 1344, 582]]
[[40, 414, 108, 458], [116, 412, 200, 466], [212, 418, 328, 476], [478, 431, 666, 517], [672, 458, 876, 544], [1161, 468, 1345, 584]]
[[29, 388, 91, 454], [82, 410, 160, 460], [242, 417, 374, 479], [549, 442, 707, 522], [910, 455, 1168, 569]]
[[28, 392, 92, 452], [146, 404, 258, 462], [243, 416, 373, 480], [720, 456, 890, 542], [920, 470, 1094, 560]]
[[21, 411, 83, 457], [70, 408, 162, 460], [158, 416, 248, 468], [244, 417, 372, 479], [363, 418, 527, 502], [714, 448, 880, 538]]
[[0, 400, 26, 448], [73, 410, 163, 458], [158, 416, 254, 466], [244, 416, 374, 478], [716, 451, 880, 537]]
[[40, 405, 110, 453], [156, 412, 248, 466], [244, 416, 374, 480]]
[[42, 404, 110, 454], [156, 412, 256, 466], [582, 446, 794, 532]]
[[35, 408, 101, 458], [116, 412, 202, 466], [212, 418, 332, 478], [488, 429, 666, 517], [672, 458, 876, 544], [1162, 468, 1346, 584]]
[[42, 406, 110, 452], [154, 414, 256, 466], [582, 446, 794, 534]]
[[41, 406, 109, 452], [582, 446, 788, 532]]
[[38, 410, 104, 454], [384, 400, 564, 506], [583, 444, 785, 534], [804, 458, 1026, 560]]
[[33, 410, 97, 454], [582, 444, 784, 534]]
[[34, 410, 98, 454], [102, 411, 182, 461], [182, 417, 292, 473], [582, 446, 786, 532], [1171, 418, 1345, 578]]
[[34, 409, 102, 457], [120, 413, 200, 465], [212, 418, 330, 480], [484, 432, 666, 518], [1163, 466, 1345, 586]]
[[242, 416, 356, 482], [582, 446, 790, 532]]
[[244, 414, 354, 482], [580, 446, 794, 532], [808, 466, 1034, 558], [1057, 467, 1299, 583]]
[[18, 398, 98, 454], [244, 416, 354, 482], [582, 446, 792, 534], [809, 466, 1033, 560], [1070, 482, 1296, 582]]
[[243, 414, 355, 482], [581, 446, 793, 534], [809, 466, 1033, 558], [1070, 480, 1294, 582]]
[[809, 465, 1033, 559], [1068, 470, 1300, 580]]
[]
[[14, 372, 108, 452]]
[[184, 416, 302, 476], [305, 422, 447, 488]]
[[304, 422, 448, 488], [497, 438, 661, 522]]
[]
[]
[]
[[0, 392, 26, 446], [23, 400, 105, 454]]
[[898, 478, 1102, 564], [1162, 466, 1346, 588]]
[[26, 402, 100, 452], [99, 369, 215, 459], [202, 390, 302, 468], [296, 390, 482, 498], [1142, 470, 1346, 580]]
[[20, 400, 100, 454], [98, 370, 218, 458], [208, 388, 302, 470], [474, 444, 626, 516], [712, 450, 922, 552], [951, 486, 1127, 564], [1148, 470, 1344, 582]]
[[21, 401, 101, 453], [306, 427, 456, 493], [950, 480, 1122, 566], [1208, 492, 1342, 582]]
[[22, 403, 100, 453], [180, 414, 276, 474], [308, 425, 456, 493], [696, 460, 870, 552], [1208, 480, 1342, 584]]
[[928, 466, 1170, 574], [1193, 486, 1345, 582]]
[[698, 445, 904, 543], [930, 460, 1162, 570], [1188, 486, 1346, 584]]
[[698, 443, 908, 543], [928, 461, 1172, 569], [1210, 490, 1342, 584]]
[[1, 400, 83, 454], [696, 443, 906, 543], [928, 460, 1168, 570], [1210, 484, 1342, 586]]
[[2, 400, 82, 454], [702, 441, 908, 545], [928, 460, 1170, 570], [1210, 484, 1344, 586]]
[[3, 402, 81, 452], [80, 368, 196, 464], [195, 422, 291, 476], [300, 419, 426, 491], [484, 425, 688, 519], [926, 457, 1164, 571]]
[[3, 400, 81, 452], [76, 413, 170, 457], [302, 424, 420, 492], [674, 456, 862, 546], [926, 458, 1166, 570]]
[[21, 408, 87, 450], [76, 406, 170, 456], [156, 412, 264, 470], [274, 420, 414, 488], [676, 454, 862, 546], [912, 421, 1114, 565], [1157, 482, 1317, 576]]
[[47, 408, 119, 452], [894, 467, 1108, 563], [1163, 474, 1345, 584]]
[[22, 404, 88, 450], [85, 388, 193, 458], [1188, 482, 1344, 574]]
[[21, 404, 87, 452], [88, 388, 184, 458], [175, 388, 309, 472], [1186, 486, 1346, 574]]
[[22, 408, 88, 450], [88, 386, 184, 458], [175, 388, 305, 472], [296, 421, 438, 489], [1184, 474, 1346, 574]]
[[22, 410, 88, 450], [88, 386, 184, 458], [178, 388, 310, 474], [296, 421, 438, 489], [1184, 479, 1346, 573]]
[[20, 408, 90, 450], [88, 386, 184, 458], [178, 389, 310, 473], [296, 421, 438, 489], [1184, 478, 1346, 574]]
[[84, 386, 186, 460], [176, 390, 308, 470], [296, 430, 422, 488], [632, 402, 876, 536], [924, 460, 1158, 566]]
[[84, 386, 186, 460], [176, 394, 308, 470], [293, 424, 423, 488], [715, 454, 885, 544], [924, 460, 1158, 564]]
[[47, 406, 111, 450], [492, 430, 674, 514], [714, 454, 888, 544], [1182, 474, 1342, 582]]
[[14, 416, 82, 466], [104, 400, 180, 458], [713, 450, 881, 540], [898, 473, 1128, 575], [1179, 474, 1345, 580]]
[[102, 404, 184, 456], [179, 406, 285, 474], [276, 407, 448, 491], [461, 430, 641, 508], [900, 472, 1124, 574], [1180, 471, 1344, 583]]
[[104, 403, 186, 459], [460, 430, 636, 508], [638, 450, 834, 532], [898, 474, 1126, 572], [1153, 470, 1345, 582]]
[[99, 405, 187, 457], [172, 410, 286, 472], [462, 430, 636, 508], [641, 446, 833, 532], [899, 474, 1123, 572], [1158, 465, 1346, 579]]
[[100, 405, 186, 457], [172, 410, 288, 470], [462, 430, 638, 508], [896, 474, 1126, 572], [1173, 465, 1345, 581]]
[[102, 406, 184, 458], [172, 410, 288, 472], [458, 430, 638, 508], [897, 474, 1125, 570], [1172, 464, 1344, 580]]
[[6, 391, 74, 449], [72, 409, 168, 459], [174, 410, 286, 470], [461, 432, 637, 508], [672, 451, 872, 537], [902, 473, 1120, 573], [1174, 470, 1344, 580]]
[[4, 392, 72, 448], [72, 410, 168, 460], [174, 410, 286, 470], [674, 461, 870, 537], [902, 470, 1120, 574]]
[[2, 394, 72, 448], [66, 407, 152, 457], [175, 410, 285, 470], [281, 426, 395, 484], [510, 435, 666, 515], [674, 462, 872, 536], [898, 472, 1126, 574]]
[[70, 408, 150, 456], [174, 410, 288, 470], [282, 424, 394, 484], [512, 434, 666, 514], [904, 472, 1118, 574]]
[[172, 410, 286, 468], [278, 418, 400, 488], [1171, 473, 1347, 583]]
[[0, 413, 46, 451], [47, 408, 119, 452], [894, 467, 1110, 563], [1163, 469, 1345, 585]]
[[174, 410, 286, 472], [278, 416, 398, 488], [408, 430, 548, 504], [1169, 480, 1345, 582]]
[[3, 400, 87, 454], [172, 410, 286, 472], [277, 416, 399, 488], [409, 429, 547, 503], [1171, 480, 1343, 584]]
[[4, 401, 86, 453], [172, 410, 286, 470], [277, 416, 399, 488], [408, 430, 546, 502], [1174, 469, 1342, 585]]
[[16, 373, 110, 453], [172, 410, 284, 470], [280, 422, 398, 484], [408, 435, 544, 503], [552, 445, 742, 525], [806, 424, 1068, 566], [1173, 470, 1343, 584]]
[[14, 374, 110, 452], [110, 412, 186, 460], [174, 410, 286, 470], [289, 420, 431, 486], [551, 443, 743, 527], [926, 473, 1144, 569], [1172, 472, 1344, 584]]
[[18, 364, 106, 454], [100, 414, 194, 464], [198, 414, 292, 472], [724, 456, 896, 544], [932, 471, 1120, 567], [1148, 476, 1344, 582]]
[[20, 406, 102, 452], [96, 414, 192, 464], [280, 420, 400, 486], [726, 458, 898, 544], [932, 472, 1120, 566], [1147, 481, 1345, 581]]
[[20, 406, 102, 452], [97, 414, 191, 462], [192, 418, 294, 472], [286, 421, 396, 487], [880, 462, 1106, 564], [1148, 475, 1342, 583]]
[[189, 409, 291, 473], [276, 418, 396, 488], [880, 468, 1104, 562], [1142, 478, 1344, 582]]
[[189, 410, 293, 472], [883, 468, 1101, 562], [1120, 468, 1342, 584]]
[[188, 411, 294, 473], [880, 470, 1104, 560], [1147, 477, 1343, 583]]
[[188, 412, 294, 472], [882, 469, 1104, 561], [1146, 480, 1344, 584]]
[[108, 390, 188, 460], [1162, 468, 1344, 586]]
[[4, 368, 96, 452], [880, 468, 1104, 562], [1145, 473, 1343, 583]]
[[6, 369, 94, 451], [220, 388, 382, 482], [879, 468, 1109, 562]]
[[178, 411, 282, 471], [878, 468, 1108, 562], [1126, 422, 1342, 576]]
[[179, 412, 283, 470], [879, 468, 1107, 562], [1132, 469, 1340, 577]]
[[0, 408, 56, 448], [197, 409, 279, 471], [279, 420, 395, 486], [406, 419, 580, 507], [883, 468, 1101, 562], [1120, 469, 1346, 579]]
[[178, 410, 282, 470], [277, 420, 395, 486], [406, 418, 580, 506], [585, 440, 755, 528], [882, 468, 1102, 562], [1111, 470, 1347, 580]]
[[644, 433, 868, 545], [902, 462, 1124, 566], [1162, 471, 1346, 585]]
[[0, 402, 64, 450], [179, 410, 281, 470], [278, 420, 394, 486], [406, 418, 580, 508], [584, 440, 756, 528], [882, 469, 1104, 561], [1125, 474, 1343, 580]]
[[59, 372, 161, 454], [178, 410, 282, 470], [282, 421, 394, 485], [406, 419, 580, 507], [584, 440, 756, 528], [882, 468, 1102, 562], [1128, 484, 1342, 578]]
[[58, 368, 164, 456], [593, 441, 753, 527], [885, 468, 1101, 562], [1124, 468, 1346, 580]]
[[58, 366, 162, 456], [234, 416, 350, 480], [344, 416, 488, 494], [628, 430, 870, 540], [886, 466, 1100, 562], [1130, 471, 1344, 579]]
[[2, 406, 70, 448], [132, 412, 236, 470], [236, 418, 352, 480], [342, 416, 484, 492], [880, 468, 1106, 554], [1132, 471, 1344, 579]]
[[0, 408, 54, 450], [54, 380, 164, 464], [236, 420, 354, 480], [346, 425, 478, 495], [628, 452, 830, 542], [878, 462, 1106, 564], [1122, 467, 1342, 577]]
[[0, 409, 40, 451], [34, 410, 102, 454], [182, 414, 282, 474], [264, 424, 382, 486], [485, 438, 641, 520], [654, 456, 864, 546], [1162, 468, 1342, 584]]
[[0, 404, 60, 448], [58, 378, 162, 464], [155, 412, 243, 468], [892, 468, 1072, 560], [1096, 466, 1346, 578]]
[[0, 404, 60, 448], [56, 378, 164, 460], [155, 412, 243, 468], [653, 451, 861, 541], [888, 470, 1074, 558], [1121, 468, 1345, 578]]
[[0, 404, 62, 448], [57, 380, 165, 460], [156, 412, 242, 468], [652, 452, 862, 540], [888, 470, 1074, 558], [1122, 468, 1346, 578]]
[[2, 404, 60, 448], [58, 380, 164, 460], [155, 414, 243, 468], [248, 408, 392, 484], [652, 452, 862, 540], [888, 470, 1072, 558], [1120, 466, 1344, 580]]
[[1, 411, 59, 449], [56, 376, 166, 462], [146, 414, 238, 464], [238, 421, 364, 483], [351, 423, 485, 495], [649, 452, 865, 538], [874, 456, 1112, 568], [1140, 482, 1320, 574]]
[[0, 412, 60, 448], [57, 407, 123, 453], [114, 410, 198, 462], [207, 382, 381, 480], [352, 415, 484, 495], [651, 450, 865, 540], [869, 467, 1095, 555], [1134, 470, 1340, 582]]
[[0, 409, 62, 449], [58, 408, 124, 452], [114, 408, 190, 462], [184, 374, 330, 470], [353, 422, 485, 494], [506, 438, 660, 518], [650, 450, 864, 540], [868, 470, 1098, 558], [1127, 471, 1345, 579]]
[[0, 407, 62, 449], [58, 397, 124, 451], [653, 450, 863, 544], [1129, 480, 1343, 576]]
[[0, 402, 60, 448], [56, 398, 124, 450], [120, 410, 210, 458], [202, 412, 312, 472], [656, 452, 860, 542], [1124, 468, 1346, 580]]
[[0, 414, 56, 448], [56, 397, 124, 449], [112, 398, 208, 460], [203, 413, 313, 473], [478, 429, 626, 515], [650, 451, 864, 539], [1122, 472, 1346, 580]]
[[0, 409, 62, 449], [58, 396, 124, 450], [110, 399, 210, 459], [200, 414, 312, 472], [478, 429, 628, 515], [647, 452, 861, 540], [1110, 458, 1346, 582]]
[[58, 396, 124, 450], [110, 399, 210, 459], [201, 414, 311, 472], [476, 428, 630, 516], [645, 451, 861, 539], [1112, 470, 1346, 580]]
[[182, 414, 284, 474], [264, 423, 384, 487], [654, 456, 866, 546], [1164, 465, 1344, 585]]
[[0, 408, 62, 450], [56, 396, 122, 452], [109, 398, 211, 460], [300, 376, 478, 490], [462, 428, 650, 516], [658, 451, 860, 543], [886, 466, 1096, 556], [1139, 470, 1343, 580]]
[[1, 406, 63, 450], [55, 410, 121, 452], [110, 398, 208, 460], [206, 416, 302, 472], [300, 374, 480, 490], [461, 430, 651, 516], [652, 449, 862, 541], [881, 468, 1095, 556], [1139, 465, 1345, 581]]
[[3, 412, 59, 450], [55, 408, 123, 452], [460, 428, 650, 516], [653, 450, 863, 540], [1104, 463, 1342, 577]]
[[50, 408, 116, 452], [82, 420, 162, 468], [168, 418, 272, 478], [462, 440, 632, 510], [590, 483, 772, 597], [663, 451, 865, 539], [1104, 464, 1344, 576]]
[[1, 404, 63, 448], [112, 382, 250, 466], [650, 452, 866, 536], [1105, 462, 1343, 576]]
[[2, 404, 62, 448], [114, 380, 248, 466], [478, 429, 628, 513], [652, 451, 860, 539], [1102, 470, 1344, 574]]
[[2, 404, 62, 448], [62, 405, 122, 455], [116, 381, 250, 467], [268, 412, 424, 488], [478, 430, 628, 512], [641, 450, 863, 540], [1104, 466, 1342, 574]]
[[59, 406, 123, 454], [116, 380, 250, 466], [268, 410, 424, 488], [478, 429, 628, 513], [644, 451, 860, 539], [1104, 463, 1342, 575]]
[[60, 406, 122, 454], [117, 380, 249, 466], [268, 412, 424, 488], [478, 428, 630, 512], [645, 451, 861, 539], [1102, 466, 1342, 574]]
[[116, 363, 248, 463], [441, 436, 625, 508], [652, 450, 864, 540], [868, 468, 1084, 560], [1104, 463, 1340, 575]]
[[52, 402, 120, 450], [118, 380, 246, 462], [234, 417, 340, 481], [327, 424, 457, 498], [499, 440, 651, 524], [652, 450, 858, 540], [853, 458, 1095, 568], [1106, 462, 1342, 566]]
[[0, 415, 46, 465], [50, 402, 128, 450], [125, 408, 225, 462], [202, 418, 308, 482], [652, 450, 860, 540], [860, 456, 1096, 568], [1106, 464, 1338, 576]]
[[51, 402, 127, 450], [126, 410, 222, 462], [213, 416, 315, 478], [304, 417, 430, 491], [418, 430, 558, 500], [651, 450, 865, 540], [1106, 463, 1338, 577]]
[[34, 402, 110, 456], [212, 415, 316, 477], [418, 424, 558, 504], [650, 450, 864, 540], [888, 456, 1108, 566]]
[[484, 428, 634, 514], [649, 450, 865, 540]]
[[482, 427, 636, 513], [650, 451, 860, 539]]
[[484, 427, 638, 513], [650, 451, 860, 539], [1131, 483, 1333, 571]]
[[482, 427, 638, 513], [650, 451, 860, 539], [1130, 483, 1334, 571]]
[[91, 407, 177, 463], [654, 452, 860, 540], [1130, 483, 1334, 573]]
[[304, 419, 452, 491], [452, 428, 660, 514], [936, 472, 1112, 566], [1162, 469, 1344, 585]]
[[310, 432, 432, 498], [490, 431, 630, 511], [651, 450, 865, 540], [935, 465, 1113, 561], [1131, 482, 1333, 574]]
[[66, 406, 152, 454], [906, 469, 1126, 559], [1131, 482, 1333, 572]]
[[258, 410, 406, 488], [420, 426, 580, 502], [617, 446, 819, 532], [1144, 467, 1346, 579]]
[[418, 426, 580, 504], [618, 446, 820, 532], [872, 461, 1090, 557], [1139, 470, 1345, 578]]
[[294, 416, 422, 486], [419, 425, 581, 503], [618, 446, 818, 532], [868, 456, 1090, 558], [1122, 467, 1344, 579]]
[[0, 397, 66, 449], [296, 415, 422, 487], [420, 425, 582, 503], [624, 447, 812, 531], [868, 456, 1090, 558], [1130, 470, 1344, 578]]
[[0, 398, 60, 450], [60, 372, 156, 456], [294, 415, 422, 487], [419, 425, 581, 503], [619, 446, 817, 532], [868, 454, 1088, 558], [1132, 467, 1342, 579]]
[[1, 406, 61, 446], [58, 370, 158, 456], [427, 426, 581, 504], [616, 446, 820, 532], [868, 454, 1088, 558], [1146, 468, 1346, 576]]
[[58, 372, 156, 458], [150, 388, 270, 464], [268, 420, 384, 482], [436, 432, 616, 504], [617, 446, 819, 534], [866, 452, 1090, 560], [1147, 468, 1347, 578]]
[[57, 372, 157, 458], [153, 393, 275, 465], [268, 420, 382, 482], [616, 440, 820, 534], [866, 450, 1088, 560], [1150, 470, 1344, 578]]
[[89, 404, 167, 456], [158, 417, 258, 471], [617, 447, 819, 533], [867, 452, 1089, 558], [1145, 470, 1347, 576]]
[[0, 400, 44, 448], [90, 410, 166, 456], [158, 415, 268, 469], [258, 428, 372, 492], [616, 446, 820, 532], [868, 455, 1088, 555], [1139, 468, 1345, 578]]
[[304, 418, 450, 490], [937, 472, 1115, 566], [1162, 478, 1346, 582]]
[[88, 405, 168, 457], [425, 416, 609, 508], [618, 444, 818, 532], [868, 456, 1092, 558], [1130, 468, 1346, 578]]
[[0, 404, 46, 446], [88, 406, 164, 458], [162, 401, 278, 469], [428, 416, 606, 508], [623, 447, 813, 531], [866, 456, 1090, 558], [1136, 462, 1344, 580]]
[[0, 404, 48, 446], [88, 406, 164, 458], [162, 400, 280, 470], [428, 416, 606, 510], [623, 446, 813, 530], [868, 456, 1090, 558], [1138, 462, 1344, 580]]
[[164, 386, 254, 462], [428, 418, 606, 508], [618, 446, 820, 530], [868, 454, 1088, 558], [1140, 467, 1346, 579]]
[[0, 405, 50, 449], [164, 386, 254, 462], [616, 446, 820, 534], [865, 452, 1089, 560], [1141, 468, 1345, 580]]
[[0, 406, 64, 448], [56, 406, 140, 454], [244, 418, 358, 478], [616, 446, 820, 534], [866, 454, 1088, 558], [1142, 467, 1346, 579]]
[[0, 406, 64, 448], [242, 420, 358, 472], [344, 427, 468, 491], [617, 446, 819, 534], [864, 455, 1086, 553], [1140, 469, 1344, 579]]
[[72, 402, 150, 454], [342, 418, 472, 490], [619, 450, 821, 524], [866, 450, 1088, 560]]
[[42, 406, 126, 454], [450, 425, 596, 509], [618, 446, 818, 532], [869, 458, 1089, 558]]
[[450, 427, 598, 507], [620, 446, 816, 532], [868, 456, 1088, 558]]
[[0, 390, 72, 450], [60, 386, 160, 456], [450, 427, 598, 507], [619, 446, 817, 532], [868, 456, 1088, 558], [1108, 460, 1342, 578]]
[[1, 389, 73, 449], [60, 387, 160, 455], [450, 426, 598, 508], [619, 446, 817, 532], [866, 456, 1088, 558], [1098, 460, 1342, 578]]
[[0, 390, 74, 450], [60, 386, 162, 456], [448, 424, 598, 508], [618, 446, 816, 532], [869, 456, 1089, 558], [1112, 460, 1342, 578]]
[[306, 418, 450, 490], [938, 472, 1112, 566], [1162, 472, 1344, 584]]
[[306, 418, 450, 490], [936, 472, 1114, 566], [1163, 469, 1345, 585]]
[[306, 420, 450, 490], [1161, 468, 1345, 584]]
[[36, 410, 116, 456], [114, 412, 200, 466], [307, 420, 451, 490], [1169, 468, 1345, 584]]
[[307, 418, 451, 490], [926, 475, 1098, 563], [1164, 468, 1346, 582]]
[[88, 410, 182, 460], [308, 418, 448, 492], [924, 476, 1098, 564], [1160, 468, 1346, 582]]
[[90, 410, 184, 460], [199, 418, 305, 474], [308, 418, 450, 490], [1160, 468, 1344, 584]]
[[197, 412, 303, 474], [304, 419, 452, 491], [1160, 470, 1346, 584]]
[[49, 403, 137, 457], [698, 454, 902, 546], [896, 464, 1158, 562], [1164, 475, 1344, 585]]
[[198, 416, 304, 474], [306, 419, 450, 489], [696, 458, 866, 544], [1162, 475, 1346, 583]]
